list(x=c(8.00000E+00, 1.50000E+01, 2.20000E+01, 2.90000E+01, 3.60000E+01), xbar=2.20000E+01, N=3.00000E+01, T=5.00000E+00, Y= structure(.Data= c(1.51000E+02, 1.41000E+02, 1.54000E+02, 1.57000E+02, 1.32000E+02, 1.99000E+02, 1.89000E+02, 2.00000E+02, 2.12000E+02, 1.85000E+02, 2.46000E+02, 2.31000E+02, 2.44000E+02, 2.59000E+02, 2.37000E+02, 2.83000E+02, 2.75000E+02, 2.89000E+02, 3.07000E+02, 2.86000E+02, 3.20000E+02, 3.05000E+02, 3.25000E+02, 3.36000E+02, 3.31000E+02, 1.45000E+02, 1.59000E+02, 1.71000E+02, 1.52000E+02, 1.60000E+02, 1.99000E+02, 2.01000E+02, 2.21000E+02, 2.03000E+02, 2.07000E+02, 2.49000E+02, 2.48000E+02, 2.70000E+02, 2.46000E+02, 2.57000E+02, 2.93000E+02, 2.97000E+02, 3.26000E+02, 2.86000E+02, 3.03000E+02, 3.54000E+02, 3.38000E+02, 3.58000E+02, 3.21000E+02, 3.45000E+02, 1.47000E+02, 1.77000E+02, 1.63000E+02, 1.54000E+02, 1.69000E+02, 2.14000E+02, 2.36000E+02, 2.16000E+02, 2.05000E+02, 2.16000E+02, 2.63000E+02, 2.85000E+02, 2.42000E+02, 2.53000E+02, 2.61000E+02, 3.12000E+02, 3.50000E+02, 2.81000E+02, 2.98000E+02, 2.95000E+02, 3.28000E+02, 3.76000E+02, 3.12000E+02, 3.34000E+02, 3.33000E+02, 1.55000E+02, 1.34000E+02, 1.60000E+02, 1.39000E+02, 1.57000E+02, 2.00000E+02, 1.82000E+02, 2.07000E+02, 1.90000E+02, 2.05000E+02, 2.37000E+02, 2.20000E+02, 2.48000E+02, 2.25000E+02, 2.48000E+02, 2.72000E+02, 2.60000E+02, 2.88000E+02, 2.67000E+02, 2.89000E+02, 2.97000E+02, 2.96000E+02, 3.24000E+02, 3.02000E+02, 3.16000E+02, 1.35000E+02, 1.60000E+02, 1.42000E+02, 1.46000E+02, 1.37000E+02, 1.88000E+02, 2.08000E+02, 1.87000E+02, 1.91000E+02, 1.80000E+02, 2.30000E+02, 2.61000E+02, 2.34000E+02, 2.29000E+02, 2.19000E+02, 2.80000E+02, 3.13000E+02, 2.80000E+02, 2.72000E+02, 2.58000E+02, 3.23000E+02, 3.52000E+02, 3.16000E+02, 3.02000E+02, 2.91000E+02, 1.59000E+02, 1.43000E+02, 1.56000E+02, 1.57000E+02, 1.53000E+02, 2.10000E+02, 1.88000E+02, 2.03000E+02, 2.11000E+02, 2.00000E+02, 2.52000E+02, 2.20000E+02, 2.43000E+02, 2.50000E+02, 2.44000E+02, 2.98000E+02, 2.73000E+02, 2.83000E+02, 2.85000E+02, 2.86000E+02, 3.31000E+02, 3.14000E+02, 3.17000E+02, 3.23000E+02, 3.24000E+02), .Dim=c(30, 5)))
