list(alpha=c(2.50000E+02, 2.50000E+02, 2.50000E+02, 2.50000E+02, 2.50000E+02, 2.50000E+02, 2.50000E+02, 2.50000E+02, 2.50000E+02, 2.50000E+02, 2.50000E+02, 2.50000E+02, 2.50000E+02, 2.50000E+02, 2.50000E+02, 2.50000E+02, 2.50000E+02, 2.50000E+02, 2.50000E+02, 2.50000E+02, 2.50000E+02, 2.50000E+02, 2.50000E+02, 2.50000E+02, 2.50000E+02, 2.50000E+02, 2.50000E+02, 2.50000E+02, 2.50000E+02, 2.50000E+02), beta=c(6.00000E+00, 6.00000E+00, 6.00000E+00, 6.00000E+00, 6.00000E+00, 6.00000E+00, 6.00000E+00, 6.00000E+00, 6.00000E+00, 6.00000E+00, 6.00000E+00, 6.00000E+00, 6.00000E+00, 6.00000E+00, 6.00000E+00, 6.00000E+00, 6.00000E+00, 6.00000E+00, 6.00000E+00, 6.00000E+00, 6.00000E+00, 6.00000E+00, 6.00000E+00, 6.00000E+00, 6.00000E+00, 6.00000E+00, 6.00000E+00, 6.00000E+00, 6.00000E+00, 6.00000E+00), alpha.c=1.50000E+02, beta.c=1.00000E+01, tau.c=1.00000E+00, alpha.tau=1.00000E+00, beta.tau=1.00000E+00)
